{
    "camera_angle_x": 0.087267,
    "frames": [
        {
            "file_path": "train/frame000",
            "transform_matrix": [
                [
                    0.6490700034072714,
                    -0.3433678908334809,
                    -0.6788273876483267,
                    0.016211361666667257
                ],
                [
                    -0.3970488537833668,
                    -0.9140628498690179,
                    0.08271223729681046,
                    0.013463833333332995
                ],
                [
                    -0.6488916229896942,
                    0.2158416040384616,
                    -0.7296246045603895,
                    0.7824503585453582
                ],
                [
                    0.0,
                    0.0,
                    0.0,
                    1.0
                ]
            ]
        },
        {
            "file_path": "train/frame010",
            "transform_matrix": [
                [
                    0.7099512511959032,
                    -0.35312362612906883,
                    -0.6093216930282633,
                    0.8731754299411356
                ],
                [
                    -0.4128620013905277,
                    -0.9096254473648312,
                    0.04611413356161686,
                    -0.2456474157428266
                ],
                [
                    -0.5705385076690086,
                    0.21882698685442867,
                    -0.7915810514982229,
                    0.9556177359050447
                ],
                [
                    0.0,
                    0.0,
                    0.0,
                    1.0
                ]
            ]
        },
        {
            "file_path": "train/frame020",
            "transform_matrix": [
                [
                    0.7998262972752946,
                    -0.33352271945111023,
                    -0.49903956736598337,
                    1.8242575157009182
                ],
                [
                    -0.3889186708829104,
                    -0.9212404107704742,
                    -0.007640222648486963,
                    -0.5332161439292782
                ],
                [
                    -0.4571872281960229,
                    0.20019665624925903,
                    -0.8665455194050995,
                    1.1478036122352213
                ],
                [
                    0.0,
                    0.0,
                    0.0,
                    1.0
                ]
            ]
        },
        {
            "file_path": "train/frame030",
            "transform_matrix": [
                [
                    0.8666537045623397,
                    -0.3301642950207689,
                    -0.37403595370206255,
                    2.6002357642732816
                ],
                [
                    -0.3789366545309418,
                    -0.9232737702301872,
                    -0.06302822429541521,
                    -0.767840558985988
                ],
                [
                    -0.3245279159352404,
                    0.1963595770477575,
                    -0.9252699866959669,
                    1.3046061237617605
                ],
                [
                    0.0,
                    0.0,
                    0.0,
                    1.0
                ]
            ]
        },
        {
            "file_path": "train/frame040",
            "transform_matrix": [
                [
                    0.9231923967804208,
                    -0.33034643059895025,
                    -0.19643582747898894,
                    3.4409089158704704
                ],
                [
                    -0.35900559129894044,
                    -0.9236865115064883,
                    -0.13385893275038618,
                    -1.0220260942252248
                ],
                [
                    -0.13722530358108265,
                    0.1940991093526892,
                    -0.9713365800820911,
                    1.4744815832683813
                ],
                [
                    0.0,
                    0.0,
                    0.0,
                    1.0
                ]
            ]
        },
        {
            "file_path": "train/frame050",
            "transform_matrix": [
                [
                    0.9427575073288398,
                    -0.3331920526557677,
                    0.013832513226045817,
                    4.26518537005784
                ],
                [
                    -0.3232533562846546,
                    -0.9232556413397143,
                    -0.20762053941048084,
                    -1.2712539318154374
                ],
                [
                    0.08194845956952884,
                    0.1912644158787229,
                    -0.9781116363650686,
                    1.6410437497293116
                ],
                [
                    0.0,
                    0.0,
                    0.0,
                    1.0
                ]
            ]
        },
        {
            "file_path": "train/frame060",
            "transform_matrix": [
                [
                    0.9172063410649286,
                    -0.33295469030454594,
                    0.21880059898110416,
                    5.02983166221379
                ],
                [
                    -0.2710455358278282,
                    -0.9239753093687265,
                    -0.2698220620793851,
                    -1.5024520219068012
                ],
                [
                    0.29200487225060406,
                    0.1881775807081436,
                    -0.9377218951804092,
                    1.7955564042529377
                ],
                [
                    0.0,
                    0.0,
                    0.0,
                    1.0
                ]
            ]
        },
        {
            "file_path": "train/frame070",
            "transform_matrix": [
                [
                    0.8457310947948151,
                    -0.33201503278691763,
                    0.41773787630602177,
                    5.850647698233684
                ],
                [
                    -0.20493959398241623,
                    -0.9249152326003149,
                    -0.32020552044308614,
                    -1.750633569101775
                ],
                [
                    0.492685171398009,
                    0.18519673460244185,
                    -0.850272598274875,
                    1.9614193213978075
                ],
                [
                    0.0,
                    0.0,
                    0.0,
                    1.0
                ]
            ]
        },
        {
            "file_path": "train/frame080",
            "transform_matrix": [
                [
                    0.7484821272699368,
                    -0.33626881640045464,
                    0.5715748317360618,
                    6.65431027390426
                ],
                [
                    -0.14777127313120397,
                    -0.9248039663018103,
                    -0.3505727809594225,
                    -1.9936286041644022
                ],
                [
                    0.6464813655432406,
                    0.17793512028005462,
                    -0.7418901111190721,
                    2.1238160258374976
                ],
                [
                    0.0,
                    0.0,
                    0.0,
                    1.0
                ]
            ]
        },
        {
            "file_path": "train/frame090",
            "transform_matrix": [
                [
                    0.6477103800224384,
                    -0.3384876446481758,
                    0.6825667571979449,
                    7.455669400438657
                ],
                [
                    -0.09793654634531752,
                    -0.9254478910483729,
                    -0.3659981336620046,
                    -2.2359271694391416
                ],
                [
                    0.7555658121574451,
                    0.17021255939163057,
                    -0.6325725160993092,
                    2.285747270568247
                ],
                [
                    0.0,
                    0.0,
                    0.0,
                    1.0
                ]
            ]
        },
        {
            "file_path": "train/frame100",
            "transform_matrix": [
                [
                    0.5531754624464013,
                    -0.34175093797066913,
                    0.7597389052453336,
                    8.259965417977078
                ],
                [
                    -0.061311163075647705,
                    -0.9262088245862962,
                    -0.371992143117006,
                    -2.479113731684381
                ],
                [
                    0.830805542247716,
                    0.15919644988076695,
                    -0.5333091423516374,
                    2.448271975085217
                ],
                [
                    0.0,
                    0.0,
                    0.0,
                    1.0
                ]
            ]
        },
        {
            "file_path": "train/frame110",
            "transform_matrix": [
                [
                    0.47496413812165633,
                    -0.34180715247868226,
                    0.8109111776346206,
                    9.035850069492572
                ],
                [
                    -0.031769270084082916,
                    -0.9275439687053305,
                    -0.37236124878495325,
                    -2.7137098467793845
                ],
                [
                    0.8794315101113201,
                    0.15109618338257289,
                    -0.45140908540983427,
                    2.605055573383693
                ],
                [
                    0.0,
                    0.0,
                    0.0,
                    1.0
                ]
            ]
        },
        {
            "file_path": "train/frame120",
            "transform_matrix": [
                [
                    0.4049109070810837,
                    -0.3469525326463127,
                    0.8459734614141767,
                    9.800055099723123
                ],
                [
                    -0.021289572121873022,
                    -0.9285387610993399,
                    -0.37062450439086025,
                    -2.9447745171243516
                ],
                [
                    0.9141082602436331,
                    0.13205949123941263,
                    -0.3833619429833196,
                    2.7594790617763465
                ],
                [
                    0.0,
                    0.0,
                    0.0,
                    1.0
                ]
            ]
        },
        {
            "file_path": "train/frame130",
            "transform_matrix": [
                [
                    0.3477579388502503,
                    -0.34327668656487026,
                    0.8724823966291064,
                    10.617535170916781
                ],
                [
                    0.003168181575300937,
                    -0.9301286097381859,
                    -0.36722027717980804,
                    -3.191947403577293
                ],
                [
                    0.9375789985873891,
                    0.1304679493498424,
                    -0.32237204531459523,
                    2.924667877985939
                ],
                [
                    0.0,
                    0.0,
                    0.0,
                    1.0
                ]
            ]
        }
    ]
}