{
    "camera_angle_x": 0.08040715440186917,
    "frames": [
        {
            "file_path": "train/frame000",
            "transform_matrix": [
                [
                    -0.7592720588122033,
                    -0.004695743480926871,
                    0.6507563988930415,
                    0.00235356666666664
                ],
                [
                    -0.00914942515290758,
                    -0.9997981067518259,
                    -0.017889487271461533,
                    0.011665491666666673
                ],
                [
                    -0.650709020013131,
                    0.019537034796144857,
                    -0.7590758035564861,
                    0.5476699077064076
                ],
                [
                    0.0,
                    0.0,
                    0.0,
                    1.0
                ]
            ]
        },
        {
            "file_path": "train/frame010",
            "transform_matrix": [
                [
                    -0.8215731626962298,
                    -0.0011461639219446879,
                    0.5701019423274916,
                    -0.6568234074794682
                ],
                [
                    -0.009703831909639742,
                    -0.9998249939819547,
                    -0.015994281954924486,
                    0.028790431405976875
                ],
                [
                    -0.570020503125619,
                    0.018672646230467653,
                    -0.821418260266454,
                    0.6823129151055682
                ],
                [
                    0.0,
                    0.0,
                    0.0,
                    1.0
                ]
            ]
        },
        {
            "file_path": "train/frame020",
            "transform_matrix": [
                [
                    -0.8859500704495655,
                    -0.007539929064523259,
                    0.46371933552539296,
                    -1.2917944560338215
                ],
                [
                    0.0015332715752389944,
                    -0.9999099912844183,
                    -0.013328856210165123,
                    0.045286518753058995
                ],
                [
                    -0.46377809537394776,
                    0.011097693422358116,
                    -0.8858818879805685,
                    0.8120116378188456
                ],
                [
                    0.0,
                    0.0,
                    0.0,
                    1.0
                ]
            ]
        },
        {
            "file_path": "train/frame030",
            "transform_matrix": [
                [
                    -0.9477750334032486,
                    -0.004440942413392424,
                    0.3189087080779577,
                    -1.9322444851170255
                ],
                [
                    0.0014071825595021975,
                    -0.9999515485553502,
                    -0.00974270901759354,
                    0.061924946040808705
                ],
                [
                    -0.3189365233000374,
                    0.008785133592507165,
                    -0.9477353615503891,
                    0.9428294930941206
                ],
                [
                    0.0,
                    0.0,
                    0.0,
                    1.0
                ]
            ]
        },
        {
            "file_path": "train/frame040",
            "transform_matrix": [
                [
                    -0.9905684153337012,
                    -0.031194562361362515,
                    0.13342081480175008,
                    -2.5716791158296815
                ],
                [
                    0.03071420693645047,
                    -0.999512196371761,
                    -0.005657454936936035,
                    0.07853699401527985
                ],
                [
                    -0.13353221347504396,
                    0.0015061816562517791,
                    -0.9910433287103412,
                    1.0734399438396842
                ],
                [
                    0.0,
                    0.0,
                    0.0,
                    1.0
                ]
            ]
        },
        {
            "file_path": "train/frame050",
            "transform_matrix": [
                [
                    -0.9943781352910054,
                    -0.03842739378143845,
                    -0.09866843194431217,
                    -3.246042691373843
                ],
                [
                    0.03859544973121962,
                    -0.9992548968970084,
                    0.00020563898953593408,
                    0.09605647064526798
                ],
                [
                    0.09860281595993087,
                    0.0036036695902071283,
                    -0.9951203436018463,
                    1.2111849553509446
                ],
                [
                    0.0,
                    0.0,
                    0.0,
                    1.0
                ]
            ]
        },
        {
            "file_path": "train/frame060",
            "transform_matrix": [
                [
                    -0.949409956345617,
                    -0.04007527510923592,
                    -0.3114718400060155,
                    -3.848166797631097
                ],
                [
                    0.04032967858237152,
                    -0.9991705832426787,
                    0.005626953698768081,
                    0.11169921825276491
                ],
                [
                    0.31143900175998585,
                    0.007219273329396248,
                    -0.9502387227825115,
                    1.3341743856158974
                ],
                [
                    0.0,
                    0.0,
                    0.0,
                    1.0
                ]
            ]
        },
        {
            "file_path": "train/frame070",
            "transform_matrix": [
                [
                    -0.8586650908425978,
                    -0.03919503638165967,
                    -0.5110362128962228,
                    -4.488579898356459
                ],
                [
                    0.039071197088263135,
                    -0.999176047599028,
                    0.010984874258498591,
                    0.12833668616855917
                ],
                [
                    0.5110456959278331,
                    0.010534468540239704,
                    -0.8594889886707169,
                    1.4649846979317651
                ],
                [
                    0.0,
                    0.0,
                    0.0,
                    1.0
                ]
            ]
        },
        {
            "file_path": "train/frame080",
            "transform_matrix": [
                [
                    -0.7520235133206283,
                    -0.038409045525138893,
                    -0.6580162464823694,
                    -5.096709803850961
                ],
                [
                    0.03780942986304888,
                    -0.9991707009187087,
                    0.015111500224908416,
                    0.1441354600847078
                ],
                [
                    0.6580509725137785,
                    0.013515015629440729,
                    -0.7528520850248118,
                    1.5892008683634025
                ],
                [
                    0.0,
                    0.0,
                    0.0,
                    1.0
                ]
            ]
        },
        {
            "file_path": "train/frame090",
            "transform_matrix": [
                [
                    -0.6427979910360292,
                    -0.039225254614710395,
                    -0.7650307981515879,
                    -5.7125863664008225
                ],
                [
                    0.039270751183912496,
                    -0.9990623265139328,
                    0.018228434985457957,
                    0.16013548653311613
                ],
                [
                    0.765028464059669,
                    0.018326132733857765,
                    -0.6437356616170373,
                    1.7149993653084552
                ],
                [
                    0.0,
                    0.0,
                    0.0,
                    1.0
                ]
            ]
        },
        {
            "file_path": "train/frame100",
            "transform_matrix": [
                [
                    -0.5478749964912942,
                    -0.03300332571042178,
                    -0.8359089476203231,
                    -6.3021199219795285
                ],
                [
                    0.0293794298482316,
                    -0.9993641848777622,
                    0.020200868431790777,
                    0.17545114076491647
                ],
                [
                    0.8360441599111,
                    0.013490977564931908,
                    -0.5484962681758969,
                    1.835417058885596
                ],
                [
                    0.0,
                    0.0,
                    0.0,
                    1.0
                ]
            ]
        },
        {
            "file_path": "train/frame110",
            "transform_matrix": [
                [
                    -0.46090910097261606,
                    -0.03055679261558633,
                    -0.8869211256169639,
                    -6.924942780011439
                ],
                [
                    0.024603675053925786,
                    -0.9994628611981714,
                    0.021648285368701246,
                    0.1916316269323488
                ],
                [
                    0.8871062280327286,
                    0.011843627426255152,
                    -0.46141333820657193,
                    1.962634401073533
                ],
                [
                    0.0,
                    0.0,
                    0.0,
                    1.0
                ]
            ]
        },
        {
            "file_path": "train/frame120",
            "transform_matrix": [
                [
                    -0.38610423221103846,
                    -0.032950447552584874,
                    -0.9218664707401008,
                    -7.561487353552034
                ],
                [
                    0.03084439030425278,
                    -0.999264158256397,
                    0.022798368601573155,
                    0.2081685933174201
                ],
                [
                    0.9219393393577928,
                    0.019631862627337043,
                    -0.3868364570646076,
                    2.09265453085149
                ],
                [
                    0.0,
                    0.0,
                    0.0,
                    1.0
                ]
            ]
        },
        {
            "file_path": "train/frame130",
            "transform_matrix": [
                [
                    -0.3159690934055942,
                    -0.01876010848864325,
                    -0.9485839922441982,
                    -8.302645852770318
                ],
                [
                    -0.011585729785083558,
                    -0.999653654347495,
                    0.02362926607082412,
                    0.22742335362337826
                ],
                [
                    0.9486987418974445,
                    -0.018456155590834945,
                    -0.31564230933607895,
                    2.2440430246978726
                ],
                [
                    0.0,
                    0.0,
                    0.0,
                    1.0
                ]
            ]
        }
    ]
}