{
    "camera_angle_x": 0.08040715440186917,
    "frames": [
        {
            "file_path": "train/frame000",
            "transform_matrix": [
                [
                    0.5636450514567334,
                    0.8245311795073955,
                    0.04952363060680647,
                    -3.8900348949614525
                ],
                [
                    0.8248600436442497,
                    -0.558670724630769,
                    -0.086561711164567,
                    -13.942452921223932
                ],
                [
                    -0.04370542720924781,
                    0.08964014424728735,
                    -0.9950148140463952,
                    -12.69768327800775
                ],
                [
                    0.0,
                    0.0,
                    0.0,
                    1.0
                ]
            ]
        },
        {
            "file_path": "train/frame010",
            "transform_matrix": [
                [
                    0.5638845535967705,
                    0.8257759128658523,
                    -0.011329251764276321,
                    -4.5738374187067015
                ],
                [
                    0.8112091146798007,
                    -0.5564052743987984,
                    -0.17986923828607115,
                    -14.786464787905475
                ],
                [
                    -0.1548353398788012,
                    0.09223509284304927,
                    -0.9836252869730678,
                    -11.35131868226458
                ],
                [
                    0.0,
                    0.0,
                    0.0,
                    1.0
                ]
            ]
        },
        {
            "file_path": "train/frame020",
            "transform_matrix": [
                [
                    0.554444473928969,
                    0.8271710775963551,
                    -0.0915387006555904,
                    -5.296028062650052
                ],
                [
                    0.7823680977225033,
                    -0.5555663865707283,
                    -0.2815069266977558,
                    -15.525317013856663
                ],
                [
                    -0.2837102130620267,
                    0.08446300078039407,
                    -0.955182975404959,
                    -10.045026034508274
                ],
                [
                    0.0,
                    0.0,
                    0.0,
                    1.0
                ]
            ]
        },
        {
            "file_path": "train/frame030",
            "transform_matrix": [
                [
                    0.5296012039769654,
                    0.8312237999960898,
                    -0.16908447316714093,
                    -5.84388400953662
                ],
                [
                    0.722410810292644,
                    -0.5464568135868875,
                    -0.42368333936655017,
                    -16.407766213804145
                ],
                [
                    -0.4445730377772301,
                    0.10223475536492704,
                    -0.8898892452867374,
                    -8.575781153739024
                ],
                [
                    0.0,
                    0.0,
                    0.0,
                    1.0
                ]
            ]
        },
        {
            "file_path": "train/frame040",
            "transform_matrix": [
                [
                    0.4803531121327862,
                    0.8378831001859806,
                    -0.25925431160749723,
                    -6.382499473045668
                ],
                [
                    0.6450471587371098,
                    -0.5377752364936778,
                    -0.5428737956646562,
                    -16.962900236592482
                ],
                [
                    -0.59428532765796,
                    0.09353986015009441,
                    -0.7987961216064909,
                    -7.2116429631432
                ],
                [
                    0.0,
                    0.0,
                    0.0,
                    1.0
                ]
            ]
        },
        {
            "file_path": "train/frame050",
            "transform_matrix": [
                [
                    0.4007104029090023,
                    0.8344852685475549,
                    -0.37824001583335976,
                    -7.025700016914123
                ],
                [
                    0.5010293559950388,
                    -0.54522077447829,
                    -0.6720891990714404,
                    -17.534119988124136
                ],
                [
                    -0.7670728501463872,
                    0.07980378220616396,
                    -0.6365772529032823,
                    -5.705783232645816
                ],
                [
                    0.0,
                    0.0,
                    0.0,
                    1.0
                ]
            ]
        },
        {
            "file_path": "train/frame060",
            "transform_matrix": [
                [
                    0.2951714601919406,
                    0.8290589239126894,
                    -0.4749053692778088,
                    -7.668900560782579
                ],
                [
                    0.3305471673572348,
                    -0.5549681686935461,
                    -0.7633799197575483,
                    -18.10533973965579
                ],
                [
                    -0.8964442979015855,
                    0.06834934101852075,
                    -0.4378538435848977,
                    -4.199923502148431
                ],
                [
                    0.0,
                    0.0,
                    0.0,
                    1.0
                ]
            ]
        },
        {
            "file_path": "train/frame070",
            "transform_matrix": [
                [
                    0.16977123593821375,
                    0.8219143567611653,
                    -0.5437228315951899,
                    -8.312101104651035
                ],
                [
                    0.14334914431947532,
                    -0.5664600414144393,
                    -0.8115257508567586,
                    -18.676559491187444
                ],
                [
                    -0.975001923213942,
                    0.05983152706250622,
                    -0.2139893410861462,
                    -2.694063771651046
                ],
                [
                    0.0,
                    0.0,
                    0.0,
                    1.0
                ]
            ]
        },
        {
            "file_path": "train/frame080",
            "transform_matrix": [
                [
                    0.031680394447052174,
                    0.8134601093656295,
                    -0.5807572669184067,
                    -8.955301648519491
                ],
                [
                    -0.049860312957301034,
                    -0.5790392617471349,
                    -0.8137736064453878,
                    -19.247779242719098
                ],
                [
                    -0.9982536259886459,
                    0.05473740792356857,
                    0.02221518341877171,
                    -1.1882040411536616
                ],
                [
                    0.0,
                    0.0,
                    0.0,
                    1.0
                ]
            ]
        },
        {
            "file_path": "train/frame090",
            "transform_matrix": [
                [
                    -0.05892109771081322,
                    0.8168919570901991,
                    -0.5737733304066135,
                    -9.382635486917131
                ],
                [
                    -0.18395915063526314,
                    -0.5738135227292354,
                    -0.798058313678028,
                    -19.799919532380407
                ],
                [
                    -0.9811663137012527,
                    0.058528382639617016,
                    0.1840844732276059,
                    0.19900589482644238
                ],
                [
                    0.0,
                    0.0,
                    0.0,
                    1.0
                ]
            ]
        },
        {
            "file_path": "train/frame100",
            "transform_matrix": [
                [
                    -0.14690781866804525,
                    0.8201392301784127,
                    -0.5529825819468072,
                    -9.840552216147547
                ],
                [
                    -0.30416841397399746,
                    -0.569416393438314,
                    -0.7637057986058807,
                    -20.384763645186233
                ],
                [
                    -0.9412224331977749,
                    0.056005481928678935,
                    0.33311216915507147,
                    1.8428753691450082
                ],
                [
                    0.0,
                    0.0,
                    0.0,
                    1.0
                ]
            ]
        },
        {
            "file_path": "train/frame110",
            "transform_matrix": [
                [
                    -0.2031016066557279,
                    0.8225740934431314,
                    -0.5311512008553426,
                    -10.21103095517309
                ],
                [
                    -0.3889688113417175,
                    -0.5655985074889684,
                    -0.7271874532262385,
                    -20.831546927428732
                ],
                [
                    -0.8985838865555477,
                    0.058908311149292514,
                    0.43482963296015686,
                    3.293971572004497
                ],
                [
                    0.0,
                    0.0,
                    0.0,
                    1.0
                ]
            ]
        },
        {
            "file_path": "train/frame120",
            "transform_matrix": [
                [
                    -0.23953017189103376,
                    0.8270899893085559,
                    -0.508475610368309,
                    -10.559399521652658
                ],
                [
                    -0.4536390819733309,
                    -0.5583801080039585,
                    -0.6945669429881334,
                    -21.287389024133258
                ],
                [
                    -0.8583920316849669,
                    0.06429466984953142,
                    0.5089492267099874,
                    4.679112550811858
                ],
                [
                    0.0,
                    0.0,
                    0.0,
                    1.0
                ]
            ]
        },
        {
            "file_path": "train/frame130",
            "transform_matrix": [
                [
                    -0.2778794477290694,
                    0.8292976212958966,
                    -0.4848179739270761,
                    -10.945243973298762
                ],
                [
                    -0.5166419624877349,
                    -0.5545067278980357,
                    -0.65238284106239,
                    -21.689100290063305
                ],
                [
                    -0.8098543666157572,
                    0.06919352591667388,
                    0.582535973863082,
                    6.366325022194361
                ],
                [
                    0.0,
                    0.0,
                    0.0,
                    1.0
                ]
            ]
        }
    ]
}